100 100
60063 86353 73120 92415 53561 16683 10675 86819 21939 21405 71274 98256 88240 52525 94857 30270 99891 42113 42369 68155 26829 87253 31352 64287 71954 96322 70230 91519 95349 64101 9617 57680 77933 87874 5204 54153 20337 1756 57200 31285 44976 74540 58854 19817 53814 68685 84625 59552 35918 60327 37369 47391 76525 27682 60918 90831 99134 60770 66193 97134 22965 96118 89783 23590 61209 71368 41040 37427 50832 23780 90142 95596 12828 4881 42169 14038 78042 28358 76419 10027 61040 58524 65842 13700 1180 42237 23685 76339 99011 23614 52417 63206 96858 46233 61405 63689 53902 21507 72353 30273
P 37 49 3921
S 41 69
M 33 96
S 6 36
S 33 42
P 67 85 35819
P 33 45 76178
S 11 42
M 76 86
P 46 60 80243
M 49 80
M 32 35
P 28 72 356
P 2 90 81444
M 17 49
P 22 67 80866
P 31 92 11579
S 9 90
M 4 33
M 54 93
M 40 58
P 50 51 50723
S 89 97
M 52 68
S 16 100
S 12 58
S 48 90
M 82 86
M 53 81
M 87 92
S 38 85
P 86 98 85246
S 80 100
M 30 62
P 38 59 98180
P 21 69 64285
P 10 98 96783
M 5 23
M 80 86
S 30 69
M 47 87
S 48 52
P 27 97 1842
M 22 70
M 44 92
P 6 30 77987
S 24 87
S 31 78
M 10 74
M 1 2
M 11 95
M 23 33
P 53 80 18763
P 33 35 70861
S 7 28
M 9 49
M 67 93
M 80 86
M 42 88
M 36 53
M 5 91
S 98 100
S 30 81
S 19 46
S 51 83
P 66 98 90552
S 25 88
P 29 41 26847
M 15 75
S 4 57
M 4 24
P 29 48 19127
M 26 55
M 45 51
S 18 20
S 28 42
M 46 67
M 5 35
S 1 95
M 53 99
S 43 95
P 56 94 88624
P 63 63 49034
M 29 56
S 14 67
S 49 74
P 15 20 34715
P 28 88 59567
M 29 68
M 64 97
P 22 38 47410
S 14 72
S 78 85
P 31 53 28898
M 33 66
M 13 88
P 36 67 86505
M 2 78
S 26 39
P 6 30 44815
